123,456,456
123,456,456
123,456,456
123,456,"asas!456" 
123,456,"asas!456"
123,456,456
123,456,"asas!456" 
123,456,"asas!456"
123,456,456
123,456,456
123,456,"asas!456" 
123,456,"asas!456"
123,456,456
123,456,"asas!456" 
123,456,"asas!456"
123,456,456
123,456,456
123,456,456
123,456,"asas!456" 
123,456,"asas!456"
123,456,456
123,456,"asas!456" 
123,456,"asas!456"
123,456,456
123,456,456
123,456,"asas!456" 
123,456,"asas!456"
123,456,456
123,456,"asas!456" 
123,456,"asas!456"
123,456,456
123,456,456
123,456,456
123,456,"asas!456" 
123,456,"asas!456"
123,456,456
123,456,"asas!456" 
123,456,"asas!456"
123,456,456
123,456,456
123,456,"asas!456" 
123,456,"asas!456"
123,456,456
123,456,"asas!456" 
123,456,"asas!456"
123,456,456
123,456,456
123,456,456
123,456,"asas!456" 
123,456,"asas!456"
123,456,456
123,456,"asas!456" 
123,456,"asas!456"
123,456,456
123,456,456
123,456,"asas!456" 
123,456,"asas!456"
123,456,456
123,456,"asas!456" 
123,456,"asas!456"
123,456,456
123,456,456
123,456,456
123,456,"asas!456" 
123,456,"asas!456"
123,456,456
123,456,"asas!456" 
123,456,"asas!456"
123,456,456
123,456,456
123,456,"asas!456" 
123,456,"asas!456"
123,456,456
123,456,"asas!456" 
123,456,"asas!456"
123,456,456
123,456,456
123,456,456
123,456,"asas!456" 
123,456,"asas!456"
123,456,456
123,456,"asas!456" 
123,456,"asas!456"
123,456,456
123,456,456
123,456,"asas!456" 
123,456,"asas!456"
123,456,456
123,456,"asas!456" 
123,456,"asas!456"
123,456,456
123,456,456
123,456,456
123,456,"asas!456" 
123,456,"asas!456"
123,456,456
123,456,"asas!456" 
123,456,"asas!456"
123,456,456
123,456,456
123,456,"asas!456" 
123,456,"asas!456"
123,456,456
123,456,"asas!456" 
123,456,"asas!456"
123,456,456
123,456,456
123,456,456
123,456,"asas!456" 
123,456,"asas!456"
123,456,456
123,456,"asas!456" 
123,456,"asas!456"
123,456,456
123,456,456
123,456,"asas!456" 
123,456,"asas!456"
123,456,456
123,456,"asas!456" 
123,456,"asas!456"
123,456,456
123,456,456
123,456,456
123,456,"asas!456" 
123,456,"asas!456"
123,456,456
123,456,"asas!456" 
123,456,"asas!456"
123,456,456
123,456,456
123,456,"asas!456" 
123,456,"asas!456"
123,456,456
123,456,"asas!456" 
123,456,"asas!456"
123,456,456
123,456,456
123,456,456
123,456,"asas!456" 
123,456,"asas!456"
123,456,456
123,456,"asas!456" 
123,456,"asas!456"
123,456,456
123,456,456
123,456,"asas!456" 
123,456,"asas!456"
123,456,456
123,456,"asas!456" 
123,456,"asas!456"
